/projects/TDataFus/gyzhao/TF/data/MODIS/MOD021KM/2013/119
2145 2050 2115 2150 2055 2120 2155 2125 2130 2100 2135 2105 2140 2110 
/projects/TDataFus/gyzhao/TF/data/MODIS/MOD021KM/2013/199
1410 1540 1415 1545 1420 1550 1425 1555 1430 1435 1440 1445 1450 1455 1600 1345 1605 1350 1355 1500 1505 1510 1515 1520 1525 1400 1530 1405 1535 
/projects/TDataFus/gyzhao/TF/data/MODIS/MOD021KM/2013/290
1410 1540 1415 1545 1420 1550 1425 1555 1430 1435 1440 1700 1445 1320 1705 1450 1325 1710 1455 1330 1335 1340 1600 1345 1605 1350 1610 1355 1615 1620 1625 1500 1630 1505 1635 1510 1640 1515 1645 1520 1650 1525 1655 1400 1530 1405 1535 
/projects/TDataFus/gyzhao/TF/data/MODIS/MOD021KM/2013/057
1410 1540 1415 1545 1420 1550 1425 1555 1430 1435 1440 1700 1445 1450 1455 1600 1605 1350 1610 1355 1615 1620 1625 1500 1630 1505 1635 1510 1640 1515 1645 1520 1650 1525 1655 1400 1530 1405 1535 
/projects/TDataFus/gyzhao/TF/data/MODIS/MOD021KM/2013/283
1410 1540 1415 1545 1420 1550 1425 1555 1430 1435 1440 1445 1450 1325 1455 1330 1335 1340 1600 1345 1605 1350 1610 1355 1615 1620 1625 1500 1630 1505 1510 1515 1520 1525 1400 1530 1405 1535 
/projects/TDataFus/gyzhao/TF/data/MODIS/MOD021KM/2013/266
1600 1540 1605 1510 1545 1610 1515 1550 1615 1520 1555 1620 1525 1625 1530 1535 
/projects/TDataFus/gyzhao/TF/data/MODIS/MOD021KM/2013/296
1730 1700 1735 1800 1705 1740 1805 1710 1745 1650 1715 1810 1750 1655 1720 1755 1725 
/projects/TDataFus/gyzhao/TF/data/MODIS/MOD021KM/2013/242
1635 1700 1605 1640 1705 1610 1645 1615 1650 1620 1655 1625 1630 
/projects/TDataFus/gyzhao/TF/data/MODIS/MOD021KM/2013/230
1025 1155 1030 1035 1040 1045 1050 1055 1200 1205 1210 1215 1220 1225 1100 1230 1105 1235 1110 1240 1115 1245 1120 1125 1130 1005 1135 1010 1140 1015 1145 1020 1150 
/projects/TDataFus/gyzhao/TF/data/MODIS/MOD021KM/2013/297
1535 1540 1800 1545 1550 1555 0155 1700 1705 0300 1710 0305 1715 0310 1720 0315 1725 1600 0320 1730 1605 1735 0200 1610 1740 0205 1615 1745 0210 1620 1750 0215 1625 1755 0220 1630 0225 1635 0230 1640 0235 1645 0240 1650 0245 1525 1655 0250 1530 0255 
/projects/TDataFus/gyzhao/TF/data/MODIS/MOD021KM/2013/345
1540 1545 1420 1550 1425 1555 1430 1435 1440 1700 1445 1705 1450 1710 1455 1715 1600 1605 1610 1615 1620 1625 1500 1630 1505 1635 1510 1640 1515 1645 1520 1650 1525 1655 1530 1535 
/projects/TDataFus/gyzhao/TF/data/MODIS/MOD021KM/2013/207
1920 1825 1925 1830 1930 1835 1900 1935 1840 1905 1845 1910 1850 1915 1820 1855 
